(kicad_pcb (version 20171130) (host pcbnew "(5.1.9)-1")

  (general
    (thickness 1.6)
    (drawings 17)
    (tracks 35742)
    (zones 0)
    (modules 130)
    (nets 197)
  )

  (page A4)
  (layers
    (0 F.Cu signal)
    (31 B.Cu signal)
    (32 B.Adhes user hide)
    (33 F.Adhes user hide)
    (34 B.Paste user hide)
    (35 F.Paste user hide)
    (36 B.SilkS user hide)
    (37 F.SilkS user hide)
    (38 B.Mask user)
    (39 F.Mask user hide)
    (40 Dwgs.User user hide)
    (41 Cmts.User user hide)
    (42 Eco1.User user hide)
    (43 Eco2.User user)
    (44 Edge.Cuts user)
    (45 Margin user hide)
    (46 B.CrtYd user hide)
    (47 F.CrtYd user)
    (48 B.Fab user)
    (49 F.Fab user)
  )

  (setup
    (last_trace_width 0.127)
    (trace_clearance 0.127)
    (zone_clearance 0.508)
    (zone_45_only no)
    (trace_min 0.127)
    (via_size 0.6)
    (via_drill 0.3)
    (via_min_size 0.4)
    (via_min_drill 0.2)
    (user_via 0.6 0.3)
    (user_via 1.2 0.6)
    (uvia_size 0.3)
    (uvia_drill 0.1)
    (uvias_allowed no)
    (uvia_min_size 0.2)
    (uvia_min_drill 0.1)
    (edge_width 0.05)
    (segment_width 0.2)
    (pcb_text_width 0.3)
    (pcb_text_size 1.5 1.5)
    (mod_edge_width 0.12)
    (mod_text_size 1 1)
    (mod_text_width 0.15)
    (pad_size 1.7 1.7)
    (pad_drill 1)
    (pad_to_mask_clearance 0)
    (aux_axis_origin 0 0)
    (visible_elements 7FFFFF7F)
    (pcbplotparams
      (layerselection 0x010f0_ffffffff)
      (usegerberextensions false)
      (usegerberattributes true)
      (usegerberadvancedattributes true)
      (creategerberjobfile true)
      (excludeedgelayer true)
      (linewidth 0.100000)
      (plotframeref false)
      (viasonmask false)
      (mode 1)
      (useauxorigin false)
      (hpglpennumber 1)
      (hpglpenspeed 20)
      (hpglpendiameter 15.000000)
      (psnegative false)
      (psa4output false)
      (plotreference true)
      (plotvalue true)
      (plotinvisibletext false)
      (padsonsilk false)
      (subtractmaskfromsilk false)
      (outputformat 1)
      (mirror false)
      (drillshape 0)
      (scaleselection 1)
      (outputdirectory "gbr/"))
  )

  (net 0 "")
  (net 1 +5V)
  (net 2 GND)
  (net 3 F_D2)
  (net 4 F_D0)
  (net 5 F_A1)
  (net 6 F_D5)
  (net 7 F_A0)
  (net 8 F_D3)
  (net 9 F_D6)
  (net 10 F_D1)
  (net 11 F_D7)
  (net 12 F_D4)
  (net 13 ~F_INT~)
  (net 14 ~F_INUSE~)
  (net 15 ~F_EXMEM~)
  (net 16 ~F_SYSRES~)
  (net 17 "Net-(J5-Pad14)")
  (net 18 "Net-(J5-Pad12)")
  (net 19 "Net-(J5-Pad10)")
  (net 20 "Net-(J5-Pad6)")
  (net 21 -5V)
  (net 22 +12V)
  (net 23 "Net-(R3-Pad2)")
  (net 24 "Net-(U10-Pad10)")
  (net 25 "Net-(R6-Pad2)")
  (net 26 F_A2)
  (net 27 F_A6)
  (net 28 F_A5)
  (net 29 F_A7)
  (net 30 F_A3)
  (net 31 F_A4)
  (net 32 ~F_IN~)
  (net 33 F_A9)
  (net 34 ~F_READ~)
  (net 35 ~F_WRITE~)
  (net 36 F_A8)
  (net 37 ~F_OUT~)
  (net 38 F_A11)
  (net 39 F_A14)
  (net 40 F_A15)
  (net 41 F_A12)
  (net 42 F_A13)
  (net 43 F_A10)
  (net 44 "Net-(J5-Pad8)")
  (net 45 "Net-(J5-Pad4)")
  (net 46 "Net-(J5-Pad2)")
  (net 47 "Net-(R8-Pad2)")
  (net 48 "Net-(U4-Pad1)")
  (net 49 "Net-(U5-Pad11)")
  (net 50 "Net-(U5-Pad10)")
  (net 51 "Net-(U5-Pad9)")
  (net 52 "Net-(U5-Pad8)")
  (net 53 "Net-(U5-Pad7)")
  (net 54 "Net-(U5-Pad16)")
  (net 55 "Net-(U5-Pad15)")
  (net 56 "Net-(U5-Pad14)")
  (net 57 "Net-(U10-Pad14)")
  (net 58 "Net-(U11-Pad8)")
  (net 59 "Net-(U11-Pad6)")
  (net 60 "Net-(R9-Pad2)")
  (net 61 "Net-(R10-Pad2)")
  (net 62 "Net-(U13-Pad4)")
  (net 63 4MHz)
  (net 64 "Net-(U14-Pad12)")
  (net 65 2MHz)
  (net 66 1MHz)
  (net 67 "Net-(U14-Pad2)")
  (net 68 "Net-(U15-Pad10)")
  (net 69 "Net-(U16-Pad13)")
  (net 70 "Net-(U16-Pad12)")
  (net 71 "Net-(U16-Pad11)")
  (net 72 40Hz)
  (net 73 ~37E0~)
  (net 74 INTCLK)
  (net 75 "Net-(D1-Pad2)")
  (net 76 "Net-(JP2-Pad1)")
  (net 77 "Net-(R14-Pad2)")
  (net 78 "Net-(RV1-Pad2)")
  (net 79 "Net-(RV2-Pad2)")
  (net 80 "Net-(C5-Pad1)")
  (net 81 INTFLOP)
  (net 82 "Net-(U18-Pad11)")
  (net 83 "Net-(U18-Pad8)")
  (net 84 "Net-(U18-Pad6)")
  (net 85 "Net-(U18-Pad4)")
  (net 86 "Net-(U18-Pad3)")
  (net 87 "Net-(U19-Pad10)")
  (net 88 ~2793~)
  (net 89 "Net-(R16-Pad2)")
  (net 90 ~1771~)
  (net 91 ~PRINTREAD~)
  (net 92 ~PRINTWRITE~)
  (net 93 37XX)
  (net 94 "Net-(C9-Pad2)")
  (net 95 "Net-(C12-Pad2)")
  (net 96 "Net-(C15-Pad1)")
  (net 97 "Net-(J2-Pad30)")
  (net 98 "Net-(J2-Pad28)")
  (net 99 "Net-(J2-Pad26)")
  (net 100 "Net-(J2-Pad24)")
  (net 101 "Net-(J2-Pad22)")
  (net 102 "Net-(J2-Pad20)")
  (net 103 "Net-(J2-Pad18)")
  (net 104 "Net-(J2-Pad16)")
  (net 105 "Net-(J2-Pad14)")
  (net 106 "Net-(J2-Pad12)")
  (net 107 "Net-(J2-Pad10)")
  (net 108 "Net-(J2-Pad8)")
  (net 109 "Net-(J2-Pad6)")
  (net 110 "Net-(J5-Pad13)")
  (net 111 "Net-(J5-Pad11)")
  (net 112 "Net-(J5-Pad9)")
  (net 113 "Net-(J5-Pad7)")
  (net 114 "Net-(J5-Pad5)")
  (net 115 "Net-(J5-Pad3)")
  (net 116 "Net-(R2-Pad2)")
  (net 117 "Net-(R7-Pad2)")
  (net 118 "Net-(R15-Pad2)")
  (net 119 "Net-(U22-Pad23)")
  (net 120 "Net-(U4-Pad9)")
  (net 121 "Net-(U4-Pad5)")
  (net 122 "Net-(U4-Pad3)")
  (net 123 "Net-(U11-Pad11)")
  (net 124 "Net-(U5-Pad13)")
  (net 125 "Net-(U16-Pad32)")
  (net 126 "Net-(U5-Pad12)")
  (net 127 "Net-(U5-Pad31)")
  (net 128 "Net-(U5-Pad30)")
  (net 129 "Net-(U13-Pad1)")
  (net 130 "Net-(U16-Pad15)")
  (net 131 "Net-(U16-Pad16)")
  (net 132 "Net-(U16-Pad30)")
  (net 133 "Net-(U16-Pad31)")
  (net 134 "Net-(U8-Pad14)")
  (net 135 "Net-(U8-Pad10)")
  (net 136 "Net-(U16-Pad17)")
  (net 137 "Net-(U16-Pad14)")
  (net 138 "Net-(U16-Pad10)")
  (net 139 "Net-(U16-Pad9)")
  (net 140 "Net-(U16-Pad8)")
  (net 141 "Net-(U16-Pad7)")
  (net 142 "Net-(U19-Pad3)")
  (net 143 "Net-(U19-Pad2)")
  (net 144 "Net-(U20-Pad3)")
  (net 145 "Net-(R12-Pad2)")
  (net 146 "Net-(U12-Pad11)")
  (net 147 "Net-(U12-Pad8)")
  (net 148 "Net-(U12-Pad6)")
  (net 149 "Net-(U12-Pad4)")
  (net 150 "Net-(U13-Pad9)")
  (net 151 "Net-(U13-Pad8)")
  (net 152 ~DENSEL~)
  (net 153 "Net-(U13-Pad2)")
  (net 154 EFX)
  (net 155 "Net-(U21-Pad11)")
  (net 156 "Net-(U25-Pad4)")
  (net 157 "Net-(U25-Pad1)")
  (net 158 58SEL)
  (net 159 "Net-(U26-Pad13)")
  (net 160 "Net-(U26-Pad12)")
  (net 161 "Net-(U27-Pad5)")
  (net 162 "Net-(U28-Pad15)")
  (net 163 "Net-(U28-Pad10)")
  (net 164 "Net-(U28-Pad7)")
  (net 165 "Net-(U28-Pad2)")
  (net 166 FSIDE)
  (net 167 M1SIDE)
  (net 168 ~CDDEN~)
  (net 169 M1PRE)
  (net 170 CENP)
  (net 171 ~MDDEN~)
  (net 172 OPT)
  (net 173 "Net-(U25-Pad12)")
  (net 174 DFH)
  (net 175 DFL)
  (net 176 "Net-(U16-Pad4)")
  (net 177 "Net-(U16-Pad2)")
  (net 178 "Net-(U11-Pad3)")
  (net 179 FLOP)
  (net 180 "Net-(U30-Pad10)")
  (net 181 "Net-(U30-Pad3)")
  (net 182 "Net-(D2-Pad2)")
  (net 183 "Net-(D3-Pad2)")
  (net 184 "Net-(D4-Pad2)")
  (net 185 "Net-(D5-Pad2)")
  (net 186 "Net-(D6-Pad2)")
  (net 187 "Net-(D7-Pad2)")
  (net 188 "Net-(D8-Pad2)")
  (net 189 "Net-(D9-Pad2)")
  (net 190 "Net-(D10-Pad2)")
  (net 191 "Net-(D11-Pad2)")
  (net 192 D0)
  (net 193 D1)
  (net 194 D2)
  (net 195 D3)
  (net 196 MOTOR)

  (net_class Default "This is the default net class."
    (clearance 0.127)
    (trace_width 0.127)
    (via_dia 0.6)
    (via_drill 0.3)
    (uvia_dia 0.3)
    (uvia_drill 0.1)
    (add_net +12V)
    (add_net -5V)
    (add_net 1MHz)
    (add_net 2MHz)
    (add_net 37XX)
    (add_net 40Hz)
    (add_net 4MHz)
    (add_net 58SEL)
    (add_net CENP)
    (add_net D0)
    (add_net D1)
    (add_net D2)
    (add_net D3)
    (add_net DFH)
    (add_net DFL)
    (add_net EFX)
    (add_net FLOP)
    (add_net FSIDE)
    (add_net F_A0)
    (add_net F_A1)
    (add_net F_A10)
    (add_net F_A11)
    (add_net F_A12)
    (add_net F_A13)
    (add_net F_A14)
    (add_net F_A15)
    (add_net F_A2)
    (add_net F_A3)
    (add_net F_A4)
    (add_net F_A5)
    (add_net F_A6)
    (add_net F_A7)
    (add_net F_A8)
    (add_net F_A9)
    (add_net F_D0)
    (add_net F_D1)
    (add_net F_D2)
    (add_net F_D3)
    (add_net F_D4)
    (add_net F_D5)
    (add_net F_D6)
    (add_net F_D7)
    (add_net INTCLK)
    (add_net INTFLOP)
    (add_net M1PRE)
    (add_net M1SIDE)
    (add_net MOTOR)
    (add_net "Net-(C12-Pad2)")
    (add_net "Net-(C15-Pad1)")
    (add_net "Net-(C5-Pad1)")
    (add_net "Net-(C9-Pad2)")
    (add_net "Net-(D1-Pad2)")
    (add_net "Net-(D10-Pad2)")
    (add_net "Net-(D11-Pad2)")
    (add_net "Net-(D2-Pad2)")
    (add_net "Net-(D3-Pad2)")
    (add_net "Net-(D4-Pad2)")
    (add_net "Net-(D5-Pad2)")
    (add_net "Net-(D6-Pad2)")
    (add_net "Net-(D7-Pad2)")
    (add_net "Net-(D8-Pad2)")
    (add_net "Net-(D9-Pad2)")
    (add_net "Net-(J2-Pad10)")
    (add_net "Net-(J2-Pad12)")
    (add_net "Net-(J2-Pad14)")
    (add_net "Net-(J2-Pad16)")
    (add_net "Net-(J2-Pad18)")
    (add_net "Net-(J2-Pad20)")
    (add_net "Net-(J2-Pad22)")
    (add_net "Net-(J2-Pad24)")
    (add_net "Net-(J2-Pad26)")
    (add_net "Net-(J2-Pad28)")
    (add_net "Net-(J2-Pad30)")
    (add_net "Net-(J2-Pad6)")
    (add_net "Net-(J2-Pad8)")
    (add_net "Net-(J5-Pad10)")
    (add_net "Net-(J5-Pad11)")
    (add_net "Net-(J5-Pad12)")
    (add_net "Net-(J5-Pad13)")
    (add_net "Net-(J5-Pad14)")
    (add_net "Net-(J5-Pad2)")
    (add_net "Net-(J5-Pad3)")
    (add_net "Net-(J5-Pad4)")
    (add_net "Net-(J5-Pad5)")
    (add_net "Net-(J5-Pad6)")
    (add_net "Net-(J5-Pad7)")
    (add_net "Net-(J5-Pad8)")
    (add_net "Net-(J5-Pad9)")
    (add_net "Net-(JP2-Pad1)")
    (add_net "Net-(R10-Pad2)")
    (add_net "Net-(R12-Pad2)")
    (add_net "Net-(R14-Pad2)")
    (add_net "Net-(R15-Pad2)")
    (add_net "Net-(R16-Pad2)")
    (add_net "Net-(R2-Pad2)")
    (add_net "Net-(R3-Pad2)")
    (add_net "Net-(R6-Pad2)")
    (add_net "Net-(R7-Pad2)")
    (add_net "Net-(R8-Pad2)")
    (add_net "Net-(R9-Pad2)")
    (add_net "Net-(RV1-Pad2)")
    (add_net "Net-(RV2-Pad2)")
    (add_net "Net-(U10-Pad10)")
    (add_net "Net-(U10-Pad14)")
    (add_net "Net-(U11-Pad11)")
    (add_net "Net-(U11-Pad3)")
    (add_net "Net-(U11-Pad6)")
    (add_net "Net-(U11-Pad8)")
    (add_net "Net-(U12-Pad11)")
    (add_net "Net-(U12-Pad4)")
    (add_net "Net-(U12-Pad6)")
    (add_net "Net-(U12-Pad8)")
    (add_net "Net-(U13-Pad1)")
    (add_net "Net-(U13-Pad2)")
    (add_net "Net-(U13-Pad4)")
    (add_net "Net-(U13-Pad8)")
    (add_net "Net-(U13-Pad9)")
    (add_net "Net-(U14-Pad12)")
    (add_net "Net-(U14-Pad2)")
    (add_net "Net-(U15-Pad10)")
    (add_net "Net-(U16-Pad10)")
    (add_net "Net-(U16-Pad11)")
    (add_net "Net-(U16-Pad12)")
    (add_net "Net-(U16-Pad13)")
    (add_net "Net-(U16-Pad14)")
    (add_net "Net-(U16-Pad15)")
    (add_net "Net-(U16-Pad16)")
    (add_net "Net-(U16-Pad17)")
    (add_net "Net-(U16-Pad2)")
    (add_net "Net-(U16-Pad30)")
    (add_net "Net-(U16-Pad31)")
    (add_net "Net-(U16-Pad32)")
    (add_net "Net-(U16-Pad4)")
    (add_net "Net-(U16-Pad7)")
    (add_net "Net-(U16-Pad8)")
    (add_net "Net-(U16-Pad9)")
    (add_net "Net-(U18-Pad11)")
    (add_net "Net-(U18-Pad3)")
    (add_net "Net-(U18-Pad4)")
    (add_net "Net-(U18-Pad6)")
    (add_net "Net-(U18-Pad8)")
    (add_net "Net-(U19-Pad10)")
    (add_net "Net-(U19-Pad2)")
    (add_net "Net-(U19-Pad3)")
    (add_net "Net-(U20-Pad3)")
    (add_net "Net-(U21-Pad11)")
    (add_net "Net-(U22-Pad23)")
    (add_net "Net-(U25-Pad1)")
    (add_net "Net-(U25-Pad12)")
    (add_net "Net-(U25-Pad4)")
    (add_net "Net-(U26-Pad12)")
    (add_net "Net-(U26-Pad13)")
    (add_net "Net-(U27-Pad5)")
    (add_net "Net-(U28-Pad10)")
    (add_net "Net-(U28-Pad15)")
    (add_net "Net-(U28-Pad2)")
    (add_net "Net-(U28-Pad7)")
    (add_net "Net-(U30-Pad10)")
    (add_net "Net-(U30-Pad3)")
    (add_net "Net-(U4-Pad1)")
    (add_net "Net-(U4-Pad3)")
    (add_net "Net-(U4-Pad5)")
    (add_net "Net-(U4-Pad9)")
    (add_net "Net-(U5-Pad10)")
    (add_net "Net-(U5-Pad11)")
    (add_net "Net-(U5-Pad12)")
    (add_net "Net-(U5-Pad13)")
    (add_net "Net-(U5-Pad14)")
    (add_net "Net-(U5-Pad15)")
    (add_net "Net-(U5-Pad16)")
    (add_net "Net-(U5-Pad30)")
    (add_net "Net-(U5-Pad31)")
    (add_net "Net-(U5-Pad7)")
    (add_net "Net-(U5-Pad8)")
    (add_net "Net-(U5-Pad9)")
    (add_net "Net-(U8-Pad10)")
    (add_net "Net-(U8-Pad14)")
    (add_net OPT)
    (add_net ~1771~)
    (add_net ~2793~)
    (add_net ~37E0~)
    (add_net ~CDDEN~)
    (add_net ~DENSEL~)
    (add_net ~F_EXMEM~)
    (add_net ~F_INT~)
    (add_net ~F_INUSE~)
    (add_net ~F_IN~)
    (add_net ~F_OUT~)
    (add_net ~F_READ~)
    (add_net ~F_SYSRES~)
    (add_net ~F_WRITE~)
    (add_net ~MDDEN~)
    (add_net ~PRINTREAD~)
    (add_net ~PRINTWRITE~)
  )

  (net_class PWR ""
    (clearance 0.127)
    (trace_width 0.127)
    (via_dia 1.2)
    (via_drill 0.6)
    (uvia_dia 0.3)
    (uvia_drill 0.1)
    (add_net +5V)
    (add_net GND)
  )

  (module Capacitor_THT:C_Rect_L7.0mm_W6.0mm_P5.00mm (layer F.Cu) (tedit 5AE50EF0) (tstamp 60B992B3)
    (at 96.6 87.3 90)
    (descr "C, Rect series, Radial, pin pitch=5.00mm, , length*width=7*6mm^2, Capacitor")
    (tags "C Rect series Radial pin pitch 5.00mm  length 7mm width 6mm Capacitor")
    (path /63A185C7)
    (fp_text reference C44 (at 2.5 -4.25 90) (layer F.SilkS)
      (effects (font (size 1 1) (thickness 0.15)))
    )
    (fp_text value 60pF (at 2.5 4.25 90) (layer F.Fab)
      (effects (font (size 1 1) (thickness 0.15)))
    )
    (fp_line (start 6.25 -3.25) (end -1.25 -3.25) (layer F.CrtYd) (width 0.05))
    (fp_line (start 6.25 3.25) (end 6.25 -3.25) (layer F.CrtYd) (width 0.05))
    (fp_line (start -1.25 3.25) (end 6.25 3.25) (layer F.CrtYd) (width 0.05))
    (fp_line (start -1.25 -3.25) (end -1.25 3.25) (layer F.CrtYd) (width 0.05))
    (fp_line (start 6.12 -3.12) (end 6.12 3.12) (layer F.SilkS) (width 0.12))
    (fp_line (start -1.12 -3.12) (end -1.12 3.12) (layer F.SilkS) (width 0.12))
    (fp_line (start -1.12 3.12) (end 6.12 3.12) (layer F.SilkS) (width 0.12))
    (fp_line (start -1.12 -3.12) (end 6.12 -3.12) (layer F.SilkS) (width 0.12))
    (fp_line (start 6 -3) (end -1 -3) (layer F.Fab) (width 0.1))
    (fp_line (start 6 3) (end 6 -3) (layer F.Fab) (width 0.1))
    (fp_line (start -1 3) (end 6 3) (layer F.Fab) (width 0.1))
    (fp_line (start -1 -3) (end -1 3) (layer F.Fab) (width 0.1))
    (fp_text user %R (at 2.5 0 90) (layer F.Fab)
      (effects (font (size 1 1) (thickness 0.15)))
    )
    (pad 2 thru_hole circle (at 5 0 90) (size 1.6 1.6) (drill 0.8) (layers *.Cu *.Mask)
      (net 2 GND))
    (pad 1 thru_hole circle (at 0 0 90) (size 1.6 1.6) (drill 0.8) (layers *.Cu *.Mask)
      (net 95 "Net-(C12-Pad2)"))
    (model ${KISYS3DMOD}/Capacitor_THT.3dshapes/C_Rect_L7.0mm_W6.0mm_P5.00mm.wrl
      (at (xyz 0 0 0))
      (scale (xyz 1 1 1))
      (rotate (xyz 0 0 0))
    )
  )

  (module Capacitor_SMD:C_0805_2012Metric (layer F.Cu) (tedit 5F68FEEE) (tstamp 60B89AD6)
    (at 101.5 51)
    (descr "Capacitor SMD 0805 (2012 Metric), square (rectangular) end terminal, IPC_7351 nominal, (Body size source: IPC-SM-782 page 76, https://www.pcb-3d.com/wordpress/wp-content/uploads/ipc-sm-782a_amendment_1_and_2.pdf, https://docs.google.com/spreadsheets/d/1BsfQQcO9C6DZCsRaXUlFlo91Tg2WpOkGARC1WS5S8t0/edit?usp=sharing), generated with kicad-footprint-generator")
    (tags capacitor)
    (path /639B30AE)
    (attr smd)
    (fp_text reference C43 (at 0 2) (layer F.SilkS)
      (effects (font (size 1 1) (thickness 0.15)))
    )
    (fp_text value 100n (at 0 1.68) (layer F.Fab)
      (effects (font (size 1 1) (thickness 0.15)))
    )
    (fp_line (start 1.7 0.98) (end -1.7 0.98) (layer F.CrtYd) (width 0.05))
    (fp_line (start 1.7 -0.98) (end 1.7 0.98) (layer F.CrtYd) (width 0.05))
    (fp_line (start -1.7 -0.98) (end 1.7 -0.98) (layer F.CrtYd) (width 0.05))
    (fp_line (start -1.7 0.98) (end -1.7 -0.98) (layer F.CrtYd) (width 0.05))
    (fp_line (start -0.261252 0.735) (end 0.261252 0.735) (layer F.SilkS) (width 0.12))
    (fp_line (start -0.261252 -0.735) (end 0.261252 -0.735) (layer F.SilkS) (width 0.12))
    (fp_line (start 1 0.625) (end -1 0.625) (layer F.Fab) (width 0.1))
    (fp_line (start 1 -0.625) (end 1 0.625) (layer F.Fab) (width 0.1))
    (fp_line (start -1 -0.625) (end 1 -0.625) (layer F.Fab) (width 0.1))
    (fp_line (start -1 0.625) (end -1 -0.625) (layer F.Fab) (width 0.1))
    (fp_text user %R (at 0 0) (layer F.Fab)
      (effects (font (size 0.5 0.5) (thickness 0.08)))
    )
    (pad 2 smd roundrect (at 0.95 0) (size 1 1.45) (layers F.Cu F.Paste F.Mask) (roundrect_rratio 0.25)
      (net 2 GND))
    (pad 1 smd roundrect (at -0.95 0) (size 1 1.45) (layers F.Cu F.Paste F.Mask) (roundrect_rratio 0.25)
      (net 1 +5V))
    (model ${KISYS3DMOD}/Capacitor_SMD.3dshapes/C_0805_2012Metric.wrl
      (at (xyz 0 0 0))
      (scale (xyz 1 1 1))
      (rotate (xyz 0 0 0))
    )
  )

  (module Capacitor_SMD:C_0805_2012Metric (layer B.Cu) (tedit 5F68FEEE) (tstamp 60B89AC5)
    (at 109.728 93.98 270)
    (descr "Capacitor SMD 0805 (2012 Metric), square (rectangular) end terminal, IPC_7351 nominal, (Body size source: IPC-SM-782 page 76, https://www.pcb-3d.com/wordpress/wp-content/uploads/ipc-sm-782a_amendment_1_and_2.pdf, https://docs.google.com/spreadsheets/d/1BsfQQcO9C6DZCsRaXUlFlo91Tg2WpOkGARC1WS5S8t0/edit?usp=sharing), generated with kicad-footprint-generator")
    (tags capacitor)
    (path /639B2C29)
    (attr smd)
    (fp_text reference C42 (at -2.98 0.228 90) (layer B.SilkS)
      (effects (font (size 1 1) (thickness 0.15)) (justify mirror))
    )
    (fp_text value 100n (at 0 -1.68 90) (layer B.Fab)
      (effects (font (size 1 1) (thickness 0.15)) (justify mirror))
    )
    (fp_line (start 1.7 -0.98) (end -1.7 -0.98) (layer B.CrtYd) (width 0.05))
    (fp_line (start 1.7 0.98) (end 1.7 -0.98) (layer B.CrtYd) (width 0.05))
    (fp_line (start -1.7 0.98) (end 1.7 0.98) (layer B.CrtYd) (width 0.05))
    (fp_line (start -1.7 -0.98) (end -1.7 0.98) (layer B.CrtYd) (width 0.05))
    (fp_line (start -0.261252 -0.735) (end 0.261252 -0.735) (layer B.SilkS) (width 0.12))
    (fp_line (start -0.261252 0.735) (end 0.261252 0.735) (layer B.SilkS) (width 0.12))
    (fp_line (start 1 -0.625) (end -1 -0.625) (layer B.Fab) (width 0.1))
    (fp_line (start 1 0.625) (end 1 -0.625) (layer B.Fab) (width 0.1))
    (fp_line (start -1 0.625) (end 1 0.625) (layer B.Fab) (width 0.1))
    (fp_line (start -1 -0.625) (end -1 0.625) (layer B.Fab) (width 0.1))
    (fp_text user %R (at 0 0 90) (layer B.Fab)
      (effects (font (size 0.5 0.5) (thickness 0.08)) (justify mirror))
    )
    (pad 2 smd roundrect (at 0.95 0 270) (size 1 1.45) (layers B.Cu B.Paste B.Mask) (roundrect_rratio 0.25)
      (net 2 GND))
    (pad 1 smd roundrect (at -0.95 0 270) (size 1 1.45) (layers B.Cu B.Paste B.Mask) (roundrect_rratio 0.25)
      (net 1 +5V))
    (model ${KISYS3DMOD}/Capacitor_SMD.3dshapes/C_0805_2012Metric.wrl
      (at (xyz 0 0 0))
      (scale (xyz 1 1 1))
      (rotate (xyz 0 0 0))
    )
  )

  (module Capacitor_SMD:C_0805_2012Metric (layer F.Cu) (tedit 5F68FEEE) (tstamp 60B89AB4)
    (at 87.1899 39.9524)
    (descr "Capacitor SMD 0805 (2012 Metric), square (rectangular) end terminal, IPC_7351 nominal, (Body size source: IPC-SM-782 page 76, https://www.pcb-3d.com/wordpress/wp-content/uploads/ipc-sm-782a_amendment_1_and_2.pdf, https://docs.google.com/spreadsheets/d/1BsfQQcO9C6DZCsRaXUlFlo91Tg2WpOkGARC1WS5S8t0/edit?usp=sharing), generated with kicad-footprint-generator")
    (tags capacitor)
    (path /639B28A5)
    (attr smd)
    (fp_text reference C41 (at 0 -1.68) (layer F.SilkS)
      (effects (font (size 1 1) (thickness 0.15)))
    )
    (fp_text value 100n (at 0 1.68) (layer F.Fab)
      (effects (font (size 1 1) (thickness 0.15)))
    )
    (fp_line (start 1.7 0.98) (end -1.7 0.98) (layer F.CrtYd) (width 0.05))
    (fp_line (start 1.7 -0.98) (end 1.7 0.98) (layer F.CrtYd) (width 0.05))
    (fp_line (start -1.7 -0.98) (end 1.7 -0.98) (layer F.CrtYd) (width 0.05))
    (fp_line (start -1.7 0.98) (end -1.7 -0.98) (layer F.CrtYd) (width 0.05))
    (fp_line (start -0.261252 0.735) (end 0.261252 0.735) (layer F.SilkS) (width 0.12))
    (fp_line (start -0.261252 -0.735) (end 0.261252 -0.735) (layer F.SilkS) (width 0.12))
    (fp_line (start 1 0.625) (end -1 0.625) (layer F.Fab) (width 0.1))
    (fp_line (start 1 -0.625) (end 1 0.625) (layer F.Fab) (width 0.1))
    (fp_line (start -1 -0.625) (end 1 -0.625) (layer F.Fab) (width 0.1))
    (fp_line (start -1 0.625) (end -1 -0.625) (layer F.Fab) (width 0.1))
    (fp_text user %R (at 0 0) (layer F.Fab)
      (effects (font (size 0.5 0.5) (thickness 0.08)))
    )
    (pad 2 smd roundrect (at 0.95 0) (size 1 1.45) (layers F.Cu F.Paste F.Mask) (roundrect_rratio 0.25)
      (net 2 GND))
    (pad 1 smd roundrect (at -0.95 0) (size 1 1.45) (layers F.Cu F.Paste F.Mask) (roundrect_rratio 0.25)
      (net 1 +5V))
    (model ${KISYS3DMOD}/Capacitor_SMD.3dshapes/C_0805_2012Metric.wrl
      (at (xyz 0 0 0))
      (scale (xyz 1 1 1))
      (rotate (xyz 0 0 0))
    )
  )

  (module Capacitor_SMD:C_0805_2012Metric (layer B.Cu) (tedit 5F68FEEE) (tstamp 60B89AA3)
    (at 108 53 180)
    (descr "Capacitor SMD 0805 (2012 Metric), square (rectangular) end terminal, IPC_7351 nominal, (Body size source: IPC-SM-782 page 76, https://www.pcb-3d.com/wordpress/wp-content/uploads/ipc-sm-782a_amendment_1_and_2.pdf, https://docs.google.com/spreadsheets/d/1BsfQQcO9C6DZCsRaXUlFlo91Tg2WpOkGARC1WS5S8t0/edit?usp=sharing), generated with kicad-footprint-generator")
    (tags capacitor)
    (path /639B25B7)
    (attr smd)
    (fp_text reference C40 (at 0 1.68) (layer B.SilkS)
      (effects (font (size 1 1) (thickness 0.15)) (justify mirror))
    )
    (fp_text value 100n (at 0 -1.68) (layer B.Fab)
      (effects (font (size 1 1) (thickness 0.15)) (justify mirror))
    )
    (fp_line (start 1.7 -0.98) (end -1.7 -0.98) (layer B.CrtYd) (width 0.05))
    (fp_line (start 1.7 0.98) (end 1.7 -0.98) (layer B.CrtYd) (width 0.05))
    (fp_line (start -1.7 0.98) (end 1.7 0.98) (layer B.CrtYd) (width 0.05))
    (fp_line (start -1.7 -0.98) (end -1.7 0.98) (layer B.CrtYd) (width 0.05))
    (fp_line (start -0.261252 -0.735) (end 0.261252 -0.735) (layer B.SilkS) (width 0.12))
    (fp_line (start -0.261252 0.735) (end 0.261252 0.735) (layer B.SilkS) (width 0.12))
    (fp_line (start 1 -0.625) (end -1 -0.625) (layer B.Fab) (width 0.1))
    (fp_line (start 1 0.625) (end 1 -0.625) (layer B.Fab) (width 0.1))
    (fp_line (start -1 0.625) (end 1 0.625) (layer B.Fab) (width 0.1))
    (fp_line (start -1 -0.625) (end -1 0.625) (layer B.Fab) (width 0.1))
    (fp_text user %R (at 0 0) (layer B.Fab)
      (effects (font (size 0.5 0.5) (thickness 0.08)) (justify mirror))
    )
    (pad 2 smd roundrect (at 0.95 0 180) (size 1 1.45) (layers B.Cu B.Paste B.Mask) (roundrect_rratio 0.25)
      (net 2 GND))
    (pad 1 smd roundrect (at -0.95 0 180) (size 1 1.45) (layers B.Cu B.Paste B.Mask) (roundrect_rratio 0.25)
      (net 1 +5V))
    (model ${KISYS3DMOD}/Capacitor_SMD.3dshapes/C_0805_2012Metric.wrl
      (at (xyz 0 0 0))
      (scale (xyz 1 1 1))
      (rotate (xyz 0 0 0))
    )
  )

  (module Capacitor_SMD:C_0805_2012Metric (layer F.Cu) (tedit 5F68FEEE) (tstamp 60B89A92)
    (at 47.5 29)
    (descr "Capacitor SMD 0805 (2012 Metric), square (rectangular) end terminal, IPC_7351 nominal, (Body size source: IPC-SM-782 page 76, https://www.pcb-3d.com/wordpress/wp-content/uploads/ipc-sm-782a_amendment_1_and_2.pdf, https://docs.google.com/spreadsheets/d/1BsfQQcO9C6DZCsRaXUlFlo91Tg2WpOkGARC1WS5S8t0/edit?usp=sharing), generated with kicad-footprint-generator")
    (tags capacitor)
    (path /639B21DC)
    (attr smd)
    (fp_text reference C39 (at 0 -1.68) (layer F.SilkS)
      (effects (font (size 1 1) (thickness 0.15)))
    )
    (fp_text value 100n (at 0 1.68) (layer F.Fab)
      (effects (font (size 1 1) (thickness 0.15)))
    )
    (fp_line (start 1.7 0.98) (end -1.7 0.98) (layer F.CrtYd) (width 0.05))
    (fp_line (start 1.7 -0.98) (end 1.7 0.98) (layer F.CrtYd) (width 0.05))
    (fp_line (start -1.7 -0.98) (end 1.7 -0.98) (layer F.CrtYd) (width 0.05))
    (fp_line (start -1.7 0.98) (end -1.7 -0.98) (layer F.CrtYd) (width 0.05))
    (fp_line (start -0.261252 0.735) (end 0.261252 0.735) (layer F.SilkS) (width 0.12))
    (fp_line (start -0.261252 -0.735) (end 0.261252 -0.735) (layer F.SilkS) (width 0.12))
    (fp_line (start 1 0.625) (end -1 0.625) (layer F.Fab) (width 0.1))
    (fp_line (start 1 -0.625) (end 1 0.625) (layer F.Fab) (width 0.1))
    (fp_line (start -1 -0.625) (end 1 -0.625) (layer F.Fab) (width 0.1))
    (fp_line (start -1 0.625) (end -1 -0.625) (layer F.Fab) (width 0.1))
    (fp_text user %R (at 0 0) (layer F.Fab)
      (effects (font (size 0.5 0.5) (thickness 0.08)))
    )
    (pad 2 smd roundrect (at 0.95 0) (size 1 1.45) (layers F.Cu F.Paste F.Mask) (roundrect_rratio 0.25)
      (net 2 GND))
    (pad 1 smd roundrect (at -0.95 0) (size 1 1.45) (layers F.Cu F.Paste F.Mask) (roundrect_rratio 0.25)
      (net 1 +5V))
    (model ${KISYS3DMOD}/Capacitor_SMD.3dshapes/C_0805_2012Metric.wrl
      (at (xyz 0 0 0))
      (scale (xyz 1 1 1))
      (rotate (xyz 0 0 0))
    )
  )

  (module Capacitor_SMD:C_0805_2012Metric (layer F.Cu) (tedit 5F68FEEE) (tstamp 60B8092A)
    (at 60.5 36.5 270)
    (descr "Capacitor SMD 0805 (2012 Metric), square (rectangular) end terminal, IPC_7351 nominal, (Body size source: IPC-SM-782 page 76, https://www.pcb-3d.com/wordpress/wp-content/uploads/ipc-sm-782a_amendment_1_and_2.pdf, https://docs.google.com/spreadsheets/d/1BsfQQcO9C6DZCsRaXUlFlo91Tg2WpOkGARC1WS5S8t0/edit?usp=sharing), generated with kicad-footprint-generator")
    (tags capacitor)
    (path /638CA00E)
    (attr smd)
    (fp_text reference C38 (at 0.5 2.5) (layer F.SilkS)
      (effects (font (size 1 1) (thickness 0.15)))
    )
    (fp_text value 100n (at 0 1.68 270) (layer F.Fab)
      (effects (font (size 1 1) (thickness 0.15)))
    )
    (fp_line (start 1.7 0.98) (end -1.7 0.98) (layer F.CrtYd) (width 0.05))
    (fp_line (start 1.7 -0.98) (end 1.7 0.98) (layer F.CrtYd) (width 0.05))
    (fp_line (start -1.7 -0.98) (end 1.7 -0.98) (layer F.CrtYd) (width 0.05))
    (fp_line (start -1.7 0.98) (end -1.7 -0.98) (layer F.CrtYd) (width 0.05))
    (fp_line (start -0.261252 0.735) (end 0.261252 0.735) (layer F.SilkS) (width 0.12))
    (fp_line (start -0.261252 -0.735) (end 0.261252 -0.735) (layer F.SilkS) (width 0.12))
    (fp_line (start 1 0.625) (end -1 0.625) (layer F.Fab) (width 0.1))
    (fp_line (start 1 -0.625) (end 1 0.625) (layer F.Fab) (width 0.1))
    (fp_line (start -1 -0.625) (end 1 -0.625) (layer F.Fab) (width 0.1))
    (fp_line (start -1 0.625) (end -1 -0.625) (layer F.Fab) (width 0.1))
    (fp_text user %R (at 0 0 270) (layer F.Fab)
      (effects (font (size 0.5 0.5) (thickness 0.08)))
    )
    (pad 2 smd roundrect (at 0.95 0 270) (size 1 1.45) (layers F.Cu F.Paste F.Mask) (roundrect_rratio 0.25)
      (net 2 GND))
    (pad 1 smd roundrect (at -0.95 0 270) (size 1 1.45) (layers F.Cu F.Paste F.Mask) (roundrect_rratio 0.25)
      (net 1 +5V))
    (model ${KISYS3DMOD}/Capacitor_SMD.3dshapes/C_0805_2012Metric.wrl
      (at (xyz 0 0 0))
      (scale (xyz 1 1 1))
      (rotate (xyz 0 0 0))
    )
  )

  (module Capacitor_SMD:C_0805_2012Metric (layer F.Cu) (tedit 5F68FEEE) (tstamp 60B80919)
    (at 89 30 180)
    (descr "Capacitor SMD 0805 (2012 Metric), square (rectangular) end terminal, IPC_7351 nominal, (Body size source: IPC-SM-782 page 76, https://www.pcb-3d.com/wordpress/wp-content/uploads/ipc-sm-782a_amendment_1_and_2.pdf, https://docs.google.com/spreadsheets/d/1BsfQQcO9C6DZCsRaXUlFlo91Tg2WpOkGARC1WS5S8t0/edit?usp=sharing), generated with kicad-footprint-generator")
    (tags capacitor)
    (path /638C9D5A)
    (attr smd)
    (fp_text reference C37 (at 0 -1.68) (layer F.SilkS)
      (effects (font (size 1 1) (thickness 0.15)))
    )
    (fp_text value 100n (at 0 1.68) (layer F.Fab)
      (effects (font (size 1 1) (thickness 0.15)))
    )
    (fp_line (start 1.7 0.98) (end -1.7 0.98) (layer F.CrtYd) (width 0.05))
    (fp_line (start 1.7 -0.98) (end 1.7 0.98) (layer F.CrtYd) (width 0.05))
    (fp_line (start -1.7 -0.98) (end 1.7 -0.98) (layer F.CrtYd) (width 0.05))
    (fp_line (start -1.7 0.98) (end -1.7 -0.98) (layer F.CrtYd) (width 0.05))
    (fp_line (start -0.261252 0.735) (end 0.261252 0.735) (layer F.SilkS) (width 0.12))
    (fp_line (start -0.261252 -0.735) (end 0.261252 -0.735) (layer F.SilkS) (width 0.12))
    (fp_line (start 1 0.625) (end -1 0.625) (layer F.Fab) (width 0.1))
    (fp_line (start 1 -0.625) (end 1 0.625) (layer F.Fab) (width 0.1))
    (fp_line (start -1 -0.625) (end 1 -0.625) (layer F.Fab) (width 0.1))
    (fp_line (start -1 0.625) (end -1 -0.625) (layer F.Fab) (width 0.1))
    (fp_text user %R (at 0 0) (layer F.Fab)
      (effects (font (size 0.5 0.5) (thickness 0.08)))
    )
    (pad 2 smd roundrect (at 0.95 0 180) (size 1 1.45) (layers F.Cu F.Paste F.Mask) (roundrect_rratio 0.25)
      (net 2 GND))
    (pad 1 smd roundrect (at -0.95 0 180) (size 1 1.45) (layers F.Cu F.Paste F.Mask) (roundrect_rratio 0.25)
      (net 1 +5V))
    (model ${KISYS3DMOD}/Capacitor_SMD.3dshapes/C_0805_2012Metric.wrl
      (at (xyz 0 0 0))
      (scale (xyz 1 1 1))
      (rotate (xyz 0 0 0))
    )
  )

  (module Capacitor_SMD:C_0805_2012Metric (layer F.Cu) (tedit 5F68FEEE) (tstamp 60B80908)
    (at 71 38.5 270)
    (descr "Capacitor SMD 0805 (2012 Metric), square (rectangular) end terminal, IPC_7351 nominal, (Body size source: IPC-SM-782 page 76, https://www.pcb-3d.com/wordpress/wp-content/uploads/ipc-sm-782a_amendment_1_and_2.pdf, https://docs.google.com/spreadsheets/d/1BsfQQcO9C6DZCsRaXUlFlo91Tg2WpOkGARC1WS5S8t0/edit?usp=sharing), generated with kicad-footprint-generator")
    (tags capacitor)
    (path /638C99C8)
    (attr smd)
    (fp_text reference C36 (at 0 -1.68 270) (layer F.SilkS)
      (effects (font (size 1 1) (thickness 0.15)))
    )
    (fp_text value 100n (at 0 1.68 270) (layer F.Fab)
      (effects (font (size 1 1) (thickness 0.15)))
    )
    (fp_line (start 1.7 0.98) (end -1.7 0.98) (layer F.CrtYd) (width 0.05))
    (fp_line (start 1.7 -0.98) (end 1.7 0.98) (layer F.CrtYd) (width 0.05))
    (fp_line (start -1.7 -0.98) (end 1.7 -0.98) (layer F.CrtYd) (width 0.05))
    (fp_line (start -1.7 0.98) (end -1.7 -0.98) (layer F.CrtYd) (width 0.05))
    (fp_line (start -0.261252 0.735) (end 0.261252 0.735) (layer F.SilkS) (width 0.12))
    (fp_line (start -0.261252 -0.735) (end 0.261252 -0.735) (layer F.SilkS) (width 0.12))
    (fp_line (start 1 0.625) (end -1 0.625) (layer F.Fab) (width 0.1))
    (fp_line (start 1 -0.625) (end 1 0.625) (layer F.Fab) (width 0.1))
    (fp_line (start -1 -0.625) (end 1 -0.625) (layer F.Fab) (width 0.1))
    (fp_line (start -1 0.625) (end -1 -0.625) (layer F.Fab) (width 0.1))
    (fp_text user %R (at 0 0 270) (layer F.Fab)
      (effects (font (size 0.5 0.5) (thickness 0.08)))
    )
    (pad 2 smd roundrect (at 0.95 0 270) (size 1 1.45) (layers F.Cu F.Paste F.Mask) (roundrect_rratio 0.25)
      (net 2 GND))
    (pad 1 smd roundrect (at -0.95 0 270) (size 1 1.45) (layers F.Cu F.Paste F.Mask) (roundrect_rratio 0.25)
      (net 1 +5V))
    (model ${KISYS3DMOD}/Capacitor_SMD.3dshapes/C_0805_2012Metric.wrl
      (at (xyz 0 0 0))
      (scale (xyz 1 1 1))
      (rotate (xyz 0 0 0))
    )
  )

  (module Capacitor_SMD:C_0805_2012Metric (layer F.Cu) (tedit 5F68FEEE) (tstamp 60B808F7)
    (at 105 40.5 180)
    (descr "Capacitor SMD 0805 (2012 Metric), square (rectangular) end terminal, IPC_7351 nominal, (Body size source: IPC-SM-782 page 76, https://www.pcb-3d.com/wordpress/wp-content/uploads/ipc-sm-782a_amendment_1_and_2.pdf, https://docs.google.com/spreadsheets/d/1BsfQQcO9C6DZCsRaXUlFlo91Tg2WpOkGARC1WS5S8t0/edit?usp=sharing), generated with kicad-footprint-generator")
    (tags capacitor)
    (path /638C96D4)
    (attr smd)
    (fp_text reference C35 (at 0 -1.68 180) (layer F.SilkS)
      (effects (font (size 1 1) (thickness 0.15)))
    )
    (fp_text value 100n (at 0 1.68 180) (layer F.Fab)
      (effects (font (size 1 1) (thickness 0.15)))
    )
    (fp_line (start 1.7 0.98) (end -1.7 0.98) (layer F.CrtYd) (width 0.05))
    (fp_line (start 1.7 -0.98) (end 1.7 0.98) (layer F.CrtYd) (width 0.05))
    (fp_line (start -1.7 -0.98) (end 1.7 -0.98) (layer F.CrtYd) (width 0.05))
    (fp_line (start -1.7 0.98) (end -1.7 -0.98) (layer F.CrtYd) (width 0.05))
    (fp_line (start -0.261252 0.735) (end 0.261252 0.735) (layer F.SilkS) (width 0.12))
    (fp_line (start -0.261252 -0.735) (end 0.261252 -0.735) (layer F.SilkS) (width 0.12))
    (fp_line (start 1 0.625) (end -1 0.625) (layer F.Fab) (width 0.1))
    (fp_line (start 1 -0.625) (end 1 0.625) (layer F.Fab) (width 0.1))
    (fp_line (start -1 -0.625) (end 1 -0.625) (layer F.Fab) (width 0.1))
    (fp_line (start -1 0.625) (end -1 -0.625) (layer F.Fab) (width 0.1))
    (fp_text user %R (at 0 0 180) (layer F.Fab)
      (effects (font (size 0.5 0.5) (thickness 0.08)))
    )
    (pad 2 smd roundrect (at 0.95 0 180) (size 1 1.45) (layers F.Cu F.Paste F.Mask) (roundrect_rratio 0.25)
      (net 2 GND))
    (pad 1 smd roundrect (at -0.95 0 180) (size 1 1.45) (layers F.Cu F.Paste F.Mask) (roundrect_rratio 0.25)
      (net 1 +5V))
    (model ${KISYS3DMOD}/Capacitor_SMD.3dshapes/C_0805_2012Metric.wrl
      (at (xyz 0 0 0))
      (scale (xyz 1 1 1))
      (rotate (xyz 0 0 0))
    )
  )

  (module Capacitor_SMD:C_0805_2012Metric (layer F.Cu) (tedit 5F68FEEE) (tstamp 60B808E6)
    (at 90.3434 49.7799 90)
    (descr "Capacitor SMD 0805 (2012 Metric), square (rectangular) end terminal, IPC_7351 nominal, (Body size source: IPC-SM-782 page 76, https://www.pcb-3d.com/wordpress/wp-content/uploads/ipc-sm-782a_amendment_1_and_2.pdf, https://docs.google.com/spreadsheets/d/1BsfQQcO9C6DZCsRaXUlFlo91Tg2WpOkGARC1WS5S8t0/edit?usp=sharing), generated with kicad-footprint-generator")
    (tags capacitor)
    (path /638C9432)
    (attr smd)
    (fp_text reference C34 (at -2.7201 -0.3434 180) (layer F.SilkS)
      (effects (font (size 1 1) (thickness 0.15)))
    )
    (fp_text value 100n (at 0 1.68 90) (layer F.Fab)
      (effects (font (size 1 1) (thickness 0.15)))
    )
    (fp_line (start 1.7 0.98) (end -1.7 0.98) (layer F.CrtYd) (width 0.05))
    (fp_line (start 1.7 -0.98) (end 1.7 0.98) (layer F.CrtYd) (width 0.05))
    (fp_line (start -1.7 -0.98) (end 1.7 -0.98) (layer F.CrtYd) (width 0.05))
    (fp_line (start -1.7 0.98) (end -1.7 -0.98) (layer F.CrtYd) (width 0.05))
    (fp_line (start -0.261252 0.735) (end 0.261252 0.735) (layer F.SilkS) (width 0.12))
    (fp_line (start -0.261252 -0.735) (end 0.261252 -0.735) (layer F.SilkS) (width 0.12))
    (fp_line (start 1 0.625) (end -1 0.625) (layer F.Fab) (width 0.1))
    (fp_line (start 1 -0.625) (end 1 0.625) (layer F.Fab) (width 0.1))
    (fp_line (start -1 -0.625) (end 1 -0.625) (layer F.Fab) (width 0.1))
    (fp_line (start -1 0.625) (end -1 -0.625) (layer F.Fab) (width 0.1))
    (fp_text user %R (at 0 0 90) (layer F.Fab)
      (effects (font (size 0.5 0.5) (thickness 0.08)))
    )
    (pad 2 smd roundrect (at 0.95 0 90) (size 1 1.45) (layers F.Cu F.Paste F.Mask) (roundrect_rratio 0.25)
      (net 2 GND))
    (pad 1 smd roundrect (at -0.95 0 90) (size 1 1.45) (layers F.Cu F.Paste F.Mask) (roundrect_rratio 0.25)
      (net 1 +5V))
    (model ${KISYS3DMOD}/Capacitor_SMD.3dshapes/C_0805_2012Metric.wrl
      (at (xyz 0 0 0))
      (scale (xyz 1 1 1))
      (rotate (xyz 0 0 0))
    )
  )

  (module Package_SO:SOIC-14_3.9x8.7mm_P1.27mm (layer F.Cu) (tedit 5D9F72B1) (tstamp 60B63E80)
    (at 68.5 113.792 90)
    (descr "SOIC, 14 Pin (JEDEC MS-012AB, https://www.analog.com/media/en/package-pcb-resources/package/pkg_pdf/soic_narrow-r/r_14.pdf), generated with kicad-footprint-generator ipc_gullwing_generator.py")
    (tags "SOIC SO")
    (path /625DCC1C)
    (attr smd)
    (fp_text reference U30 (at 0 -5.28 90) (layer F.SilkS)
      (effects (font (size 1 1) (thickness 0.15)))
    )
    (fp_text value 74LS00 (at 0 5.28 90) (layer F.Fab)
      (effects (font (size 1 1) (thickness 0.15)))
    )
    (fp_line (start 3.7 -4.58) (end -3.7 -4.58) (layer F.CrtYd) (width 0.05))
    (fp_line (start 3.7 4.58) (end 3.7 -4.58) (layer F.CrtYd) (width 0.05))
    (fp_line (start -3.7 4.58) (end 3.7 4.58) (layer F.CrtYd) (width 0.05))
    (fp_line (start -3.7 -4.58) (end -3.7 4.58) (layer F.CrtYd) (width 0.05))
    (fp_line (start -1.95 -3.35) (end -0.975 -4.325) (layer F.Fab) (width 0.1))
    (fp_line (start -1.95 4.325) (end -1.95 -3.35) (layer F.Fab) (width 0.1))
    (fp_line (start 1.95 4.325) (end -1.95 4.325) (layer F.Fab) (width 0.1))
    (fp_line (start 1.95 -4.325) (end 1.95 4.325) (layer F.Fab) (width 0.1))
    (fp_line (start -0.975 -4.325) (end 1.95 -4.325) (layer F.Fab) (width 0.1))
    (fp_line (start 0 -4.435) (end -3.45 -4.435) (layer F.SilkS) (width 0.12))
    (fp_line (start 0 -4.435) (end 1.95 -4.435) (layer F.SilkS) (width 0.12))
    (fp_line (start 0 4.435) (end -1.95 4.435) (layer F.SilkS) (width 0.12))
    (fp_line (start 0 4.435) (end 1.95 4.435) (layer F.SilkS) (width 0.12))
    (fp_text user %R (at 0 0 90) (layer F.Fab)
      (effects (font (size 0.98 0.98) (thickness 0.15)))
    )
    (pad 14 smd roundrect (at 2.475 -3.81 90) (size 1.95 0.6) (layers F.Cu F.Paste F.Mask) (roundrect_rratio 0.25)
      (net 1 +5V))
    (pad 13 smd roundrect (at 2.475 -2.54 90) (size 1.95 0.6) (layers F.Cu F.Paste F.Mask) (roundrect_rratio 0.25)
      (net 35 ~F_WRITE~))
    (pad 12 smd roundrect (at 2.475 -1.27 90) (size 1.95 0.6) (layers F.Cu F.Paste F.Mask) (roundrect_rratio 0.25)
      (net 37 ~F_OUT~))
    (pad 11 smd roundrect (at 2.475 0 90) (size 1.95 0.6) (layers F.Cu F.Paste F.Mask) (roundrect_rratio 0.25)
      (net 180 "Net-(U30-Pad10)"))
    (pad 10 smd roundrect (at 2.475 1.27 90) (size 1.95 0.6) (layers F.Cu F.Paste F.Mask) (roundrect_rratio 0.25)
      (net 180 "Net-(U30-Pad10)"))
    (pad 9 smd roundrect (at 2.475 2.54 90) (size 1.95 0.6) (layers F.Cu F.Paste F.Mask) (roundrect_rratio 0.25)
      (net 179 FLOP))
    (pad 8 smd roundrect (at 2.475 3.81 90) (size 1.95 0.6) (layers F.Cu F.Paste F.Mask) (roundrect_rratio 0.25)
      (net 177 "Net-(U16-Pad2)"))
    (pad 7 smd roundrect (at -2.475 3.81 90) (size 1.95 0.6) (layers F.Cu F.Paste F.Mask) (roundrect_rratio 0.25)
      (net 2 GND))
    (pad 6 smd roundrect (at -2.475 2.54 90) (size 1.95 0.6) (layers F.Cu F.Paste F.Mask) (roundrect_rratio 0.25)
      (net 176 "Net-(U16-Pad4)"))
    (pad 5 smd roundrect (at -2.475 1.27 90) (size 1.95 0.6) (layers F.Cu F.Paste F.Mask) (roundrect_rratio 0.25)
      (net 179 FLOP))
    (pad 4 smd roundrect (at -2.475 0 90) (size 1.95 0.6) (layers F.Cu F.Paste F.Mask) (roundrect_rratio 0.25)
      (net 181 "Net-(U30-Pad3)"))
    (pad 3 smd roundrect (at -2.475 -1.27 90) (size 1.95 0.6) (layers F.Cu F.Paste F.Mask) (roundrect_rratio 0.25)
      (net 181 "Net-(U30-Pad3)"))
    (pad 2 smd roundrect (at -2.475 -2.54 90) (size 1.95 0.6) (layers F.Cu F.Paste F.Mask) (roundrect_rratio 0.25)
      (net 34 ~F_READ~))
    (pad 1 smd roundrect (at -2.475 -3.81 90) (size 1.95 0.6) (layers F.Cu F.Paste F.Mask) (roundrect_rratio 0.25)
      (net 32 ~F_IN~))
